26,22
26,21
26,19
26,18
26,17
26,16
26,15
26,14
26,13
26,12
26,11
26,10
26,9
26,8
26,7
26,6
26,5
26,4
26,3
26,2
26,1
26,0
25,3
25,2
25,1
25,0
24,6
24,5
24,4
24,3
24,2
24,1
24,0
23,5
23,4
23,3
23,2
23,1
23,0
22,3
22,2
22,1
22,0
21,6
21,5
21,4
21,3
21,2
21,1
21,0
20,3
20,2
20,1
20,0
19,3
19,2
19,1
19,0
18,3
18,2
18,1
18,0
17,3
17,2
17,1
17,0
16,3
16,2
16,1
16,0
15,3
15,2
15,1
15,0
14,15
14,14
14,13
14,12
14,11
14,10
14,9
14,8
14,6
14,5
14,4
14,3
14,2
14,1
14,0
13,6
13,5
13,4
13,3
13,2
13,1
13,0
12,19
12,18
12,16
12,15
12,14
12,13
12,12
12,11
12,10
12,9
12,8
12,7
12,6
12,5
12,4
12,3
12,2
12,1
12,0
11,18
11,17
11,16
11,15
11,14
11,13
11,12
11,11
11,10
11,9
11,8
11,7
11,6
11,5
11,4
11,3
11,2
11,1
11,0
10,11
10,10
10,8
10,7
10,6
10,5
10,4
10,3
10,2
10,1
10,0
9,3
9,2
9,1
9,0
8,6
8,5
8,4
8,3
8,2
8,1
8,0
7,3
7,2
7,1
7,0
6,9
6,8
6,6
6,5
6,4
6,3
6,2
6,1
6,0
5,4
5,3
5,2
5,1
5,0
4,3
2,5
2,4
2,3
2,2
2,1
2,0
1,3
0,324
0,243
0,9
0,0
0,1
27,0
27,1
27,3
28,0
28,2
28,3
28,5
28,7
28,8
28,10
28,11
28,13
28,15
28,16
28,18
28,19
28,21
28,22
28,24
28,26
28,27
28,29
28,30
28,32
28,34
28,35
28,37
28,38
28,40
28,41
28,43
28,45
28,46
28,48
28,49
28,51
28,53
28,54
28,56
28,57
28,59
28,60
28,62
28,64
28,65
28,67
28,68
28,70
28,72
28,73
28,128
28,129
28,131
28,133
28,134
28,136
28,137
28,139
28,140
28,142
28,144
28,145
29,1
29,2
29,4
29,6
29,7
29,9
29,10
29,12
29,13
29,15
29,17
29,18
29,20
29,21
29,23
29,25
29,26
29,28
29,29
29,31
29,32
29,34
29,36
29,37
29,39
29,40
29,42
29,44
29,45
29,47
29,48
29,50
29,52
29,53
29,55
29,56
29,58
29,59
29,61
29,63
29,64
29,66
29,67
29,69
29,71
29,72
29,74
29,75
29,77
29,128
29,130
29,132
29,133
29,135
29,136
29,138
29,140
29,141
29,143
29,144
29,146
29,147
29,149
29,151
29,152
29,154
29,155
29,157
29,159
29,160
29,162
29,163
29,165
29,166
29,168
29,170
29,171
29,173
29,174
29,176
30,1
30,2
30,4
30,5
30,8
31,0
31,1
31,3
31,4
31,5
31,2
30,9
30,7
30,3
30,0
29,175
29,172
29,169
29,167
29,164
29,161
29,158
29,156
29,153
29,150
29,148
29,145
29,142
29,139
29,137
29,134
29,131
29,129
29,76
29,73
29,70
29,68
29,65
29,62
29,60
29,57
29,54
29,51
29,49
29,46
29,43
29,41
29,38
29,35
29,33
29,30
29,27
29,24
29,22
29,19
29,16
29,14
29,11
29,8
29,5
29,3
29,0
28,143
28,141
28,138
28,135
28,132
28,130
28,74
28,71
28,69
28,66
28,63
28,61
28,58
28,55
28,52
28,50
28,47
28,44
28,42
28,39
28,36
28,33
28,31
28,28
28,25
28,23
28,20
28,17
28,14
28,12
28,9
28,6
28,4
28,1
27,2
0,300
0,299
0,298
0,297
0,296
0,295
0,294
0,293
0,292
0,291
0,290
0,289
0,288
0,287
0,286
0,285
0,284
0,283
0,282
0,281
0,280
0,279
0,278
0,277
0,276
0,275
0,274
0,273
0,272
0,271
0,270
0,269
0,268
0,267
0,266
0,265
0,264
0,263
0,262
0,261
0,260
0,259
0,258
0,257
0,256
0,255
0,254
0,253
0,252
0,360
0,251
0,250
0,357
0,249
0,356
0,248
0,247
0,246
0,245
0,355
0,244
0,354
0,242
0,353
0,241
0,352
0,240
0,351
0,239
0,350
0,238
0,237
0,236
0,235
0,234
0,349
0,233
0,348
0,232
0,347
0,231
0,346
0,230
0,345
0,229
0,344
0,228
0,343
0,227
0,226
0,225
0,224
0,223
0,222
0,221
0,220
0,219
0,218
0,217
0,216
0,215
0,214
0,213
0,212
0,211
0,342
0,210
0,341
0,209
0,340
0,208
0,339
0,207
0,338
0,206
0,337
0,205
0,336
0,204
0,335
0,203
0,334
0,202
0,333
0,201
0,332
0,200
0,331
0,199
0,198
0,197
0,196
0,330
0,195
0,329
0,194
0,328
0,193
0,327
0,192
0,326
0,63
0,325
0,62
0,323
0,61
0,322
0,60
0,321
0,59
0,320
0,58
0,319
0,57
0,318
0,56
0,317
0,55
0,316
0,54
0,315
0,53
0,314
0,52
0,313
0,51
0,312
0,50
0,311
0,49
0,310
0,48
0,309
0,47
0,308
0,46
0,307
0,45
0,301
0,6
0,5
0,304
0,303
0,306
0,305
0,302
0,12
0,10
0,8
0,11
0,4
0,2
0,3
0,7
